3.966597870017403038e+05 2.332941281389091164e+05 1.613226834083577269e+05 1.081413243437407509e+05 6.881964599298386020e+04 4.271407307374775701e+04 2.528038498568526848e+04 1.172142318463298943e+04 6.092826676759765178e+03 1.972113510014569329e+03 4.722489410924420667e+02 7.352850044052877365e+01 7.525106213698466107e+00
2.332941281389091164e+05 2.013831708085677237e+05 1.126821660001514683e+05 7.527823666424323164e+04 4.790565613736223168e+04 3.008353372634432162e+04 1.753843128319781681e+04 8.219849719487905531e+03 4.186666553907168236e+03 1.340113148567309281e+03 2.792082714127332110e+02 5.195838205688873046e+01 5.808648635733318244e+00
1.613226834083577269e+05 1.126821660001514683e+05 1.008025790751928726e+05 5.237120784769978491e+04 3.361917803880637803e+04 2.076849948807201145e+04 1.234913274155626641e+04 5.567721452526416215e+03 2.861011587961454097e+03 9.734913960574009479e+02 2.193905187138199722e+02 3.621987232002817336e+01 4.085807816384377844e+00
1.081413243437407509e+05 7.527823666424323164e+04 5.237120784769978491e+04 4.975538422498860018e+04 2.239982809607476884e+04 1.428540260282356212e+04 8.234635212903591309e+03 3.862721084705697194e+03 2.004088600465396667e+03 6.082858509990660423e+02 1.601508826402144905e+02 2.265574156035758335e+01 3.411411928149944206e+00
6.881964599298386020e+04 4.790565613736223168e+04 3.361917803880637803e+04 2.239982809607476884e+04 2.243205454514791927e+04 8.903373085202963921e+03 5.461434034542231529e+03 2.584579577556890399e+03 1.248776557430324146e+03 3.828508487406745644e+02 1.098966810593723977e+02 1.365374523841426857e+01 1.314360716955051078e+00
4.271407307374775701e+04 3.008353372634432162e+04 2.076849948807201145e+04 1.428540260282356212e+04 8.903373085202963921e+03 9.826878214138327166e+03 3.402744163511441002e+03 1.592491407870199509e+03 7.966711905721128915e+02 2.663779369581060337e+02 5.332475806096007176e+01 5.063334310563088358e+00 1.465255993015611269e+00
2.528038498568526848e+04 1.753843128319781681e+04 1.234913274155626641e+04 8.234635212903591309e+03 5.461434034542231529e+03 3.402744163511441002e+03 4.140045262123995599e+03 9.721937661845749972e+02 5.039932155320292395e+02 1.703596701265133788e+02 5.046920393829377360e+01 7.673123871314307287e+00 3.975913204061894968e-01
1.172142318463298943e+04 8.219849719487905531e+03 5.567721452526416215e+03 3.862721084705697194e+03 2.584579577556890399e+03 1.592491407870199509e+03 9.721937661845749972e+02 1.337521037884369889e+03 2.418372056998441622e+02 7.772878482885411699e+01 2.478631084469412116e+01 2.139642590694778246e+00 1.298891141786833736e-01
6.092826676759765178e+03 4.186666553907168236e+03 2.861011587961454097e+03 2.004088600465396667e+03 1.248776557430324146e+03 7.966711905721128915e+02 5.039932155320292395e+02 2.418372056998441622e+02 4.457149344553775450e+02 4.567020442801796776e+01 1.250544880210533449e+01 8.349760965819751357e-01 1.429423515776086229e-01
1.972113510014569329e+03 1.340113148567309281e+03 9.734913960574009479e+02 6.082858509990660423e+02 3.828508487406745644e+02 2.663779369581060337e+02 1.703596701265133788e+02 7.772878482885411699e+01 4.567020442801796776e+01 1.272004587941638931e+02 3.722899424896733755e+00 6.097263073346392837e-01 -3.462468939947573737e-02
4.722489410924420667e+02 2.792082714127332110e+02 2.193905187138199722e+02 1.601508826402144905e+02 1.098966810593723977e+02 5.332475806096007176e+01 5.046920393829377360e+01 2.478631084469412116e+01 1.250544880210533449e+01 3.722899424896733755e+00 2.287899029277303597e+01 3.166078463813188359e-01 -2.480467993886713296e-02
7.352850044052877365e+01 5.195838205688873046e+01 3.621987232002817336e+01 2.265574156035758335e+01 1.365374523841426857e+01 5.063334310563088358e+00 7.673123871314307287e+00 2.139642590694778246e+00 8.349760965819751357e-01 6.097263073346392837e-01 3.166078463813188359e-01 3.960488905258372050e+00 -3.845652028309053637e-03
7.525106213698466107e+00 5.808648635733318244e+00 4.085807816384377844e+00 3.411411928149944206e+00 1.314360716955051078e+00 1.465255993015611269e+00 3.975913204061894968e-01 1.298891141786833736e-01 1.429423515776086229e-01 -3.462468939947573737e-02 -2.480467993886713296e-02 -3.845652028309053637e-03 1.203010959175855599e-01
